              precision    recall  f1-score   support

           0     0.9939    0.9959    0.9949       980
           1     0.9939    0.9982    0.9960      1135
           2     0.9942    0.9903    0.9922      1032
           3     0.9891    0.9921    0.9906      1010
           4     0.9899    0.9969    0.9934       982
           5     0.9833    0.9877    0.9855       892
           6     0.9979    0.9833    0.9905       958
           7     0.9894    0.9951    0.9922      1028
           8     0.9928    0.9897    0.9913       974
           9     0.9900    0.9841    0.9871      1009

    accuracy                         0.9915     10000
   macro avg     0.9914    0.9913    0.9914     10000
weighted avg     0.9915    0.9915    0.9915     10000
