              precision    recall  f1-score   support

           0     0.9949    0.9949    0.9949       980
           1     0.9982    0.9947    0.9965      1135
           2     0.9942    0.9903    0.9922      1032
           3     0.9673    0.9950    0.9810      1010
           4     0.9928    0.9878    0.9903       982
           5     0.9714    0.9888    0.9800       892
           6     0.9936    0.9760    0.9847       958
           7     0.9846    0.9961    0.9903      1028
           8     0.9937    0.9682    0.9808       974
           9     0.9881    0.9861    0.9871      1009

    accuracy                         0.9880     10000
   macro avg     0.9879    0.9878    0.9878     10000
weighted avg     0.9881    0.9880    0.9880     10000
