              precision    recall  f1-score   support

    airplane     0.9326    0.9410    0.9368      1000
  automobile     0.9694    0.9810    0.9751      1000
        bird     0.9178    0.9150    0.9164      1000
         cat     0.8834    0.8790    0.8812      1000
        deer     0.9307    0.9540    0.9422      1000
         dog     0.9052    0.9070    0.9061      1000
        frog     0.9677    0.9590    0.9633      1000
       horse     0.9686    0.9550    0.9617      1000
        ship     0.9657    0.9570    0.9613      1000
       truck     0.9667    0.9590    0.9629      1000

    accuracy                         0.9407     10000
   macro avg     0.9408    0.9407    0.9407     10000
weighted avg     0.9408    0.9407    0.9407     10000
