              precision    recall  f1-score   support

    airplane     0.9364    0.9430    0.9397      1000
  automobile     0.9732    0.9800    0.9766      1000
        bird     0.9303    0.9070    0.9185      1000
         cat     0.8798    0.8780    0.8789      1000
        deer     0.9261    0.9530    0.9394      1000
         dog     0.8975    0.9110    0.9042      1000
        frog     0.9580    0.9590    0.9585      1000
       horse     0.9744    0.9530    0.9636      1000
        ship     0.9590    0.9600    0.9595      1000
       truck     0.9676    0.9570    0.9623      1000

    accuracy                         0.9401     10000
   macro avg     0.9402    0.9401    0.9401     10000
weighted avg     0.9402    0.9401    0.9401     10000
