              precision    recall  f1-score   support

    airplane     0.9277    0.9500    0.9387      1000
  automobile     0.9703    0.9810    0.9756      1000
        bird     0.9320    0.9040    0.9178      1000
         cat     0.8746    0.8860    0.8803      1000
        deer     0.9396    0.9490    0.9443      1000
         dog     0.9016    0.9070    0.9043      1000
        frog     0.9668    0.9600    0.9634      1000
       horse     0.9666    0.9540    0.9602      1000
        ship     0.9647    0.9570    0.9608      1000
       truck     0.9658    0.9600    0.9629      1000

    accuracy                         0.9408     10000
   macro avg     0.9410    0.9408    0.9408     10000
weighted avg     0.9410    0.9408    0.9408     10000
