              precision    recall  f1-score   support

    airplane     0.9318    0.9430    0.9374      1000
  automobile     0.9751    0.9780    0.9765      1000
        bird     0.9221    0.9120    0.9170      1000
         cat     0.8668    0.8850    0.8758      1000
        deer     0.9348    0.9470    0.9409      1000
         dog     0.8995    0.9040    0.9017      1000
        frog     0.9676    0.9560    0.9618      1000
       horse     0.9735    0.9550    0.9642      1000
        ship     0.9608    0.9560    0.9584      1000
       truck     0.9668    0.9600    0.9634      1000

    accuracy                         0.9396     10000
   macro avg     0.9399    0.9396    0.9397     10000
weighted avg     0.9399    0.9396    0.9397     10000
